 10 
 28 
 0 
-1 
 5 
 3 
 30 
 11 
 3 
 28 
 12 
 3 
 25 
 13 
 3 
 23 
 13 
 3 
 18 
 12 
 3 
 16 
 11 
 3 
 14 
 11 
 3 
 14 
 13 
 3 
 14 
 16 
 3 
 16 
 18 
 3 
 16 
 21 
 3 
 16 
 24 
 3 
 15 
 27 
 3 
 16 
 25 
 3 
 18 
 23 
 3 
 20 
 22 
 3 
 22 
 22 
 3 
 26 
 23 
 3 
 28 
 25 
 3 
 30 
 28 
 3 
 30 
 31 
 3 
 29 
 34 
 3 
 28 
 36 
 3 
 26 
 37 
 3 
 23 
 38 
 3 
 16 
 37 
 3 
 18 
 38 
 3 
 22 
 38 
